
A[0]
{
   {1.0,1.0,1.0,1.0},
   {1.0,-1.0,1.0,-1.0},
   {1.0,1.0,-1.0,-1.0},
   {-1.0,1.0,1.0,-1.0}
}

A[1]
{
   {1.0,2.0,4.0,8.0},
   {1.0,-1.0,1.0,-1.0},
   {1.0,-2.0,4.0,-8.0},
   {1.0,1.0,1.0,1.0}
}

A[2]
{
   {1.0,1.0,1.0,1.0},
   {1.0,-1.0,1.0,-1.0},
   {1.0,2.0,4.0,8.0},
   {1.0,3.0,9.0,27.0}
}

A[3]
{
   {1.0,1.0,1.0,1.0},
   {1.0,2.0,4.0,8.0},
   {1.0,3.0,9.0,27.0},
   {1.0,4.0,16.0,64.0}
}
P0 de 0
{
   {1.0,1.0,1.0,1.0},
   {1.0,-1.0,1.0,-1.0},
   {1.0,1.0,-1.0,-1.0},
   {-1.0,1.0,1.0,-1.0}
}
P1 de 0
{
   {2.0,2.0,2.0,-2.0},
   {2.0,2.0,-2.0,2.0},
   {2.0,-2.0,2.0,2.0},
   {2.0,-2.0,-2.0,-2.0}
}
P2 de 0
{
   {8.0,0.0,0.0,0.0},
   {0.0,0.0,8.0,0.0},
   {0.0,8.0,0.0,0.0},
   {0.0,0.0,0.0,8.0}
}
P3 de 0
{
   {8.0,8.0,8.0,8.0},
   {8.0,8.0,-8.0,-8.0},
   {8.0,-8.0,8.0,-8.0},
   {-8.0,8.0,8.0,-8.0}
}



P0 de 1
{
   {1.0,2.0,4.0,8.0},
   {1.0,-1.0,1.0,-1.0},
   {1.0,-2.0,4.0,-8.0},
   {1.0,1.0,1.0,1.0}
}
P1 de 1
{
   {15.0,0.0,30.0,-18.0},
   {0.0,0.0,6.0,0.0},
   {-5.0,-12.0,10.0,-30.0},
   {4.0,0.0,10.0,0.0}
}
P2 de 1
{
   {27.0,-48.0,162.0,-138.0},
   {6.0,-12.0,24.0,-48.0},
   {-37.0,-48.0,-22.0,-138.0},
   {14.0,-12.0,56.0,-48.0}
}
P3 de 1
{
   {3.0,-360.0,570.0,-1170.0},
   {-30.0,-72.0,60.0,-180.0},
   {-245.0,-120.0,-422.0,-210.0},
   {10.0,-120.0,220.0,-372.0}
}



P0 de 2
{
   {1.0,1.0,1.0,1.0},
   {1.0,-1.0,1.0,-1.0},
   {1.0,2.0,4.0,8.0},
   {1.0,3.0,9.0,27.0}
}
P1 de 2
{
   {4.0,5.0,15.0,35.0},
   {0.0,1.0,-5.0,-17.0},
   {15.0,31.0,91.0,247.0},
   {40.0,97.0,283.0,799.0}
}
P2 de 2
{
   {59.0,134.0,384.0,1064.0},
   {-21.0,-62.0,-172.0,-500.0},
   {384.0,907.0,2633.0,7381.0},
   {1219.0,2906.0,8460.0,23780.0}
}
P3 de 2
{
   {1641.0,3885.0,11305.0,31725.0},
   {-755.0,-1803.0,-5271.0,-14835.0},
   {11305.0,26886.0,78252.0,219828.0},
   {36365.0,86573.0,251985.0,708053.0}
}



P0 de 3
{
   {1.0,1.0,1.0,1.0},
   {1.0,2.0,4.0,8.0},
   {1.0,3.0,9.0,27.0},
   {1.0,4.0,16.0,64.0}
}
P1 de 3
{
   {4.0,10.0,30.0,100.0},
   {15.0,49.0,173.0,637.0},
   {40.0,142.0,526.0,1996.0},
   {85.0,313.0,1185.0,4561.0}
}
P2 de 3
{
   {144.0,514.0,1914.0,7294.0},
   {874.0,3180.0,11960.0,45846.0},
   {2704.0,9886.0,37278.0,143122.0},
   {6144.0,22510.0,84978.0,326488.0}
}
P3 de 3
{
   {9866.0,36090.0,136130.0,522750.0},
   {61860.0,226498.0,854770.0,3283378.0},
   {192990.0,706798.0,2667702.0,10248106.0},
   {440120.0,1612050.0,6084794.0,23375862.0}
}



